2.600044303797468501e+02
2.591848101265823061e+02
2.598430379746835683e+02
2.580335443037974414e+02
2.591322784810126336e+02
2.581740506329114169e+02
2.583860759493670685e+02
2.588765822784810098e+02
2.579183544303797362e+02
2.570265822784809870e+02
2.572322784810126564e+02
2.567481012658228110e+02
2.566525316455696384e+02
2.560772151898734137e+02
2.554310126582278428e+02
2.546303797468354446e+02
2.547626582278481067e+02
2.538443037974683421e+02
2.540392405063291221e+02
2.536607594936708949e+02
2.531829113924050603e+02
2.538335443037974812e+02
2.530069620253164544e+02
2.534936708860759609e+02
2.530829113924050660e+02
2.529322784810126450e+02
2.532474683544303673e+02
2.532398734177215260e+02
2.538550632911392313e+02
2.524329113924050603e+02
2.532234177215189845e+02
2.525069620253164544e+02
2.523626582278481010e+02
2.514651898734177280e+02
2.507373417721518933e+02
2.509341772151898624e+02
2.509031645569620252e+02
2.496500000000000057e+02
2.488791139240506425e+02
2.486537974683544405e+02
2.474867088607595065e+02
2.469588607594936605e+02
2.466734177215189732e+02
2.464392405063291278e+02
2.459765822784810041e+02
2.458373417721518877e+02
2.460075949367088697e+02
2.461170886075949227e+02
2.457050632911392540e+02
2.459278481012658233e+02
2.457202531645569650e+02
2.466183544303797532e+02
2.464797468354430521e+02
2.477056962025316409e+02
2.477582278481012565e+02
2.473905063291139186e+02
2.478088607594936832e+02
2.478993670886075904e+02
2.473145569620253070e+02
2.472082278481012736e+02
2.469430379746835342e+02
2.466455696202531556e+02
2.473582278481012793e+02
2.473177215189873550e+02
2.471139240506329031e+02
2.467158227848101149e+02
2.464493670886076018e+02
2.466759493670886059e+02
2.463930379746835513e+02
2.465829113924050660e+02
2.465670886075949397e+02
2.471835443037974755e+02
2.478848101265822663e+02
2.488936708860759381e+02
2.489164556962025188e+02
2.498392405063291051e+02
2.501050632911392313e+02
2.501392405063291164e+02
2.512765822784810155e+02
2.517215189873417671e+02
2.518696202531645554e+02
2.524848101265822891e+02
2.528145569620253070e+02
2.534556962025316409e+02
2.526253164556962076e+02
2.525329113924050546e+02
2.541107594936708836e+02
2.532582278481012565e+02
2.539936708860759609e+02
2.535132911392404935e+02
2.542474683544303673e+02
2.543968354430379861e+02
2.555101265822784740e+02
2.549436708860759495e+02
2.551746835443038037e+02
2.548531645569620139e+02
2.557784810126582329e+02
2.565044303797468501e+02
2.565727848101265636e+02
2.570518987341772004e+02
2.563208860759493746e+02
2.579303797468354560e+02
2.570348101265822720e+02
2.589189873417721515e+02
2.586360759493670685e+02
2.583018987341772004e+02
2.593772151898734251e+02
2.590113924050633045e+02
2.594968354430379804e+02
2.593575949367088356e+02
2.592651898734177394e+02
2.593493670886076075e+02
2.602987341772151808e+02
2.598265822784809984e+02
2.594360759493670798e+02
2.596208860759493859e+02
2.598816455696202752e+02
2.603702531645569707e+02
2.606132911392405163e+02
2.607392405063291108e+02
2.604360759493670798e+02
2.602436708860759609e+02
2.607056962025316693e+02
2.609291139240506254e+02
2.608487341772151922e+02
2.615639240506329202e+02
2.609936708860759609e+02
2.604335443037974755e+02
2.609329113924050603e+02
2.607158227848101433e+02
2.614620253164557084e+02
2.610569620253164658e+02
2.612158227848101433e+02
2.605550632911392199e+02
2.607398734177215260e+02
2.611911392405063452e+02
2.610329113924050830e+02
2.613784810126582556e+02
2.611778481012657949e+02
2.608082278481012395e+02
2.612841772151898567e+02
2.604962025316455652e+02
2.612132911392404822e+02
2.605936708860759268e+02
2.607012658227848192e+02
2.615791139240506595e+02
2.605449367088607460e+02
2.607506329113924153e+02
2.600284810126582329e+02
2.606367088607594837e+02
2.609189873417721515e+02
2.609601265822784626e+02
2.607626582278480782e+02
2.608177215189873550e+02
2.617411392405063566e+02
2.605139240506329088e+02
2.617772151898734023e+02
2.612145569620253127e+02
2.606537974683544121e+02
2.609759493670886172e+02
2.602778481012658176e+02
2.606316455696202752e+02
2.604620253164557084e+02
2.613132911392405049e+02
2.609398734177215147e+02
2.604721518987341824e+02
2.609525316455695929e+02
2.607784810126582329e+02
2.606822784810126450e+02
2.609930379746835456e+02
2.600892405063291335e+02
2.604525316455695929e+02
2.609240506329114169e+02
2.610044303797468501e+02
2.610322784810126677e+02
2.603848101265822947e+02
2.598449367088607573e+02
2.609886075949366955e+02
2.605335443037974414e+02
2.599563291139240278e+02
2.602259493670886172e+02
2.606063291139240619e+02
2.604512658227848192e+02
2.601987341772152149e+02
2.601531645569620537e+02
2.605727848101265636e+02
2.602911392405063111e+02
2.600044303797468501e+02
2.605898734177214919e+02
2.595759493670885831e+02
2.590601265822784853e+02
2.592050632911392540e+02
2.578208860759493746e+02
2.581221518987341597e+02
2.577987341772151808e+02
2.586050632911392313e+02
2.571379746835443143e+02
2.571816455696202297e+02
2.563512658227847965e+02
2.574556962025316693e+02
2.566278481012658403e+02
2.565424050632911417e+02
2.573215189873417899e+02
2.561746835443037753e+02
2.564183544303797362e+02
2.567373417721519218e+02
2.568196202531645440e+02
2.569924050632911303e+02
2.574341772151898908e+02
2.571310126582278599e+02
2.570196202531645326e+02
2.569151898734177166e+02
2.569518987341772345e+02
2.562689873417721742e+02
2.568917721518987491e+02
2.555158227848101262e+02
2.559329113924050603e+02
2.541721518987341710e+02
2.537955696202531612e+02
2.530151898734177109e+02
2.534537974683544235e+02
2.525139240506329088e+02
2.522987341772151808e+02
2.518962025316455708e+02
2.515651898734177223e+02
2.518753164556962076e+02
2.518000000000000114e+02
2.515348101265822720e+02
2.515354430379746873e+02
2.519531645569620366e+02
2.520208860759493632e+02
2.520930379746835399e+02
2.535632911392405049e+02
2.529949367088607630e+02
2.535208860759493632e+02
2.548443037974683421e+02
2.541696202531645667e+02
2.543582278481012793e+02
2.548974683544303730e+02
2.538613924050632988e+02
2.541911392405063168e+02
2.537955696202531612e+02
2.529512658227848192e+02
2.530917721518987378e+02
2.523575949367088640e+02
2.530310126582278372e+02
2.517506329113924153e+02
2.524803797468354389e+02
2.523082278481012679e+02
2.522639240506329088e+02
2.526455696202531556e+02
2.519170886075949340e+02
2.524139240506329145e+02
2.532139240506328974e+02
2.518936708860759381e+02
2.535132911392404935e+02
2.539759493670886172e+02
2.537708860759493632e+02
2.550303797468354503e+02
2.543145569620253070e+02
2.548886075949367012e+02
2.554297468354430407e+02
2.559455696202531669e+02
2.563677215189873664e+02
2.558917721518987207e+02
2.568158227848101092e+02
2.566177215189873664e+02
2.572360759493670912e+02
2.563215189873417899e+02
2.561993670886075734e+02
2.565981012658227769e+02
2.574088607594936775e+02
2.572803797468354219e+02
2.564518987341772345e+02
2.562151898734177280e+02
2.564556962025316693e+02
2.568601265822784967e+02
2.569101265822785081e+02
2.570930379746835683e+02
2.584493670886075734e+02
2.585101265822784740e+02
2.578088607594936548e+02
2.586132911392405163e+02
2.583145569620253355e+02
2.581430379746835229e+02
2.590487341772151808e+02
2.590481012658227655e+02
2.593873417721518990e+02
2.595164556962025131e+02
2.599386075949366841e+02
2.596702531645569820e+02
2.600291139240506482e+02
2.600721518987342051e+02
2.603911392405063339e+02
2.601664556962025472e+02
2.605082278481012850e+02
2.606151898734177053e+02
2.607177215189873323e+02
2.603316455696202638e+02
2.608759493670885945e+02
