3.100000000000000000e+03
3.102675585284280714e+03
3.105351170568561884e+03
3.108026755852842598e+03
3.110702341137123767e+03
3.113377926421404482e+03
3.116053511705685651e+03
3.118729096989966365e+03
3.121404682274247534e+03
3.124080267558528249e+03
3.126755852842809418e+03
3.129431438127090132e+03
3.132107023411371301e+03
3.134782608695652016e+03
3.137458193979933185e+03
3.140133779264213899e+03
3.142809364548495068e+03
3.145484949832775783e+03
3.148160535117056952e+03
3.150836120401337666e+03
3.153511705685618836e+03
3.156187290969899550e+03
3.158862876254180719e+03
3.161538461538461434e+03
3.164214046822742603e+03
3.166889632107023317e+03
3.169565217391304486e+03
3.172240802675585201e+03
3.174916387959866370e+03
3.177591973244147084e+03
3.180267558528428253e+03
3.182943143812708968e+03
3.185618729096990137e+03
3.188294314381270851e+03
3.190969899665552020e+03
3.193645484949832735e+03
3.196321070234113904e+03
3.198996655518394618e+03
3.201672240802675788e+03
3.204347826086956502e+03
3.207023411371237671e+03
3.209698996655518386e+03
3.212374581939799100e+03
3.215050167224080269e+03
3.217725752508361438e+03
3.220401337792642153e+03
3.223076923076922867e+03
3.225752508361204036e+03
3.228428093645484751e+03
3.231103678929765920e+03
3.233779264214046634e+03
3.236454849498327803e+03
3.239130434782608518e+03
3.241806020066889687e+03
3.244481605351170401e+03
3.247157190635451570e+03
3.249832775919732285e+03
3.252508361204013454e+03
3.255183946488294168e+03
3.257859531772575338e+03
3.260535117056856052e+03
3.263210702341137221e+03
3.265886287625417935e+03
3.268561872909699105e+03
3.271237458193979819e+03
3.273913043478260988e+03
3.276588628762541703e+03
3.279264214046822872e+03
3.281939799331103586e+03
3.284615384615384755e+03
3.287290969899665470e+03
3.289966555183946639e+03
3.292642140468227353e+03
3.295317725752508522e+03
3.297993311036789237e+03
3.300668896321070406e+03
3.303344481605351120e+03
3.306020066889632290e+03
3.308695652173913004e+03
3.311371237458194173e+03
3.314046822742474887e+03
3.316722408026756057e+03
3.319397993311036771e+03
3.322073578595317485e+03
3.324749163879598655e+03
3.327424749163879824e+03
3.330100334448160538e+03
3.332775919732441253e+03
3.335451505016722422e+03
3.338127090301003136e+03
3.340802675585284305e+03
3.343478260869565020e+03
3.346153846153846189e+03
3.348829431438126903e+03
3.351505016722408072e+03
3.354180602006688787e+03
3.356856187290969956e+03
3.359531772575250670e+03
3.362207357859531839e+03
3.364882943143812554e+03
3.367558528428093723e+03
3.370234113712374437e+03
3.372909698996655607e+03
3.375585284280936321e+03
3.378260869565217490e+03
3.380936454849498205e+03
3.383612040133779374e+03
3.386287625418060088e+03
3.388963210702341257e+03
3.391638795986621972e+03
3.394314381270903141e+03
3.396989966555183855e+03
3.399665551839465024e+03
3.402341137123745739e+03
3.405016722408026908e+03
3.407692307692307622e+03
3.410367892976588791e+03
3.413043478260869506e+03
3.415719063545150675e+03
3.418394648829431389e+03
3.421070234113712559e+03
3.423745819397993273e+03
3.426421404682274442e+03
3.429096989966555157e+03
3.431772575250835871e+03
3.434448160535117040e+03
3.437123745819398209e+03
3.439799331103678924e+03
3.442474916387959638e+03
3.445150501672240807e+03
3.447826086956521976e+03
3.450501672240802691e+03
3.453177257525083405e+03
3.455852842809364574e+03
3.458528428093645289e+03
3.461204013377926458e+03
3.463879598662207172e+03
3.466555183946488341e+03
3.469230769230769056e+03
3.471906354515050225e+03
3.474581939799330939e+03
3.477257525083612109e+03
3.479933110367892823e+03
3.482608695652173992e+03
3.485284280936454707e+03
3.487959866220735876e+03
3.490635451505016590e+03
3.493311036789297759e+03
3.495986622073578474e+03
3.498662207357859643e+03
3.501337792642140357e+03
3.504013377926421526e+03
3.506688963210702241e+03
3.509364548494983410e+03
3.512040133779264124e+03
3.514715719063545293e+03
3.517391304347826008e+03
3.520066889632107177e+03
3.522742474916387891e+03
3.525418060200669061e+03
3.528093645484949775e+03
3.530769230769230944e+03
3.533444816053511659e+03
3.536120401337792828e+03
3.538795986622073542e+03
3.541471571906354711e+03
3.544147157190635426e+03
3.546822742474916595e+03
3.549498327759197309e+03
3.552173913043478024e+03
3.554849498327759193e+03
3.557525083612040362e+03
3.560200668896321076e+03
3.562876254180601791e+03
3.565551839464882960e+03
3.568227424749164129e+03
3.570903010033444843e+03
3.573578595317725558e+03
3.576254180602006727e+03
3.578929765886287441e+03
3.581605351170568611e+03
3.584280936454849325e+03
3.586956521739130494e+03
3.589632107023411209e+03
3.592307692307692378e+03
3.594983277591973092e+03
3.597658862876254261e+03
3.600334448160534976e+03
3.603010033444816145e+03
3.605685618729096859e+03
3.608361204013378028e+03
3.611036789297658743e+03
3.613712374581939912e+03
3.616387959866220626e+03
3.619063545150501795e+03
3.621739130434782510e+03
3.624414715719063679e+03
3.627090301003344393e+03
3.629765886287625563e+03
3.632441471571906277e+03
3.635117056856187446e+03
3.637792642140468161e+03
3.640468227424749330e+03
3.643143812709030044e+03
3.645819397993311213e+03
3.648494983277591928e+03
3.651170568561872642e+03
3.653846153846153811e+03
3.656521739130434980e+03
3.659197324414715695e+03
3.661872909698996409e+03
3.664548494983277578e+03
3.667224080267558747e+03
3.669899665551839462e+03
3.672575250836120176e+03
3.675250836120401345e+03
3.677926421404682515e+03
3.680602006688963229e+03
3.683277591973243943e+03
3.685953177257525113e+03
3.688628762541806282e+03
3.691304347826086996e+03
3.693979933110367710e+03
3.696655518394648880e+03
3.699331103678930049e+03
3.702006688963210763e+03
3.704682274247491478e+03
3.707357859531772647e+03
3.710033444816053361e+03
3.712709030100334530e+03
3.715384615384615245e+03
3.718060200668896414e+03
3.720735785953177128e+03
3.723411371237458297e+03
3.726086956521739012e+03
3.728762541806020181e+03
3.731438127090300895e+03
3.734113712374582065e+03
3.736789297658862779e+03
3.739464882943143948e+03
3.742140468227424662e+03
3.744816053511705832e+03
3.747491638795986546e+03
3.750167224080267715e+03
3.752842809364548430e+03
3.755518394648829599e+03
3.758193979933110313e+03
3.760869565217391028e+03
3.763545150501672197e+03
3.766220735785953366e+03
3.768896321070234080e+03
3.771571906354514795e+03
3.774247491638795964e+03
3.776923076923077133e+03
3.779598662207357847e+03
3.782274247491638562e+03
3.784949832775919731e+03
3.787625418060200900e+03
3.790301003344481614e+03
3.792976588628762329e+03
3.795652173913043498e+03
3.798327759197324667e+03
3.801003344481605382e+03
3.803678929765886096e+03
3.806354515050167265e+03
3.809030100334448434e+03
3.811705685618729149e+03
3.814381270903009863e+03
3.817056856187291032e+03
3.819732441471571747e+03
3.822408026755852916e+03
3.825083612040133630e+03
3.827759197324414799e+03
3.830434782608695514e+03
3.833110367892976683e+03
3.835785953177257397e+03
3.838461538461538566e+03
3.841137123745819281e+03
3.843812709030100450e+03
3.846488294314381164e+03
3.849163879598662334e+03
3.851839464882943048e+03
3.854515050167224217e+03
3.857190635451504932e+03
3.859866220735786101e+03
3.862541806020066815e+03
3.865217391304347984e+03
3.867892976588628699e+03
3.870568561872909413e+03
3.873244147157190582e+03
3.875919732441471751e+03
3.878595317725752466e+03
3.881270903010033180e+03
3.883946488294314349e+03
3.886622073578595518e+03
3.889297658862876233e+03
3.891973244147156947e+03
3.894648829431438116e+03
3.897324414715719286e+03
3.900000000000000000e+03
